0 1
1 3
2 5
3 7
4 11
5 9
6 13
7 15
8 16
9 18
10 20
11 22
12 24
13 26
14 28
15 32
16 30
17 34
18 36
19 37
20 39
21 41
22 43
23 47
24 45
25 49
26 51
27 52
28 54
29 56
30 58
31 60
32 62
33 64
34 68
35 66
36 70
37 72
38 73
39 75
40 77
41 79
42 83
43 81
44 85
45 87
46 88
47 90
48 92
49 94
50 96
51 98
52 100
53 104
54 102
55 106
56 108
57 109
58 111
59 113
60 115
61 119
62 117
63 121
64 123
65 124
66 126
67 128
68 130
69 132
70 134
71 136
72 140
73 138
74 142
75 145
76 17
77 19
78 21
79 23
80 25
81 27
82 29
83 33
84 31
85 35
86 38
87 40
88 42
89 44
90 48
91 46
92 50
93 53
94 55
95 57
96 59
97 61
98 63
99 65
100 69
101 67
102 71
103 74
104 76
105 78
106 80
107 84
108 82
109 86
110 89
111 91
112 93
113 95
114 97
115 99
116 101
117 105
118 103
119 107
120 110
121 112
122 114
123 116
124 120
125 118
126 122
127 125
128 127
129 129
130 131
131 133
132 135
133 137
134 141
135 139
136 143
137 146
